123456
596636967
654479339
838750532
714354636
1192163559
1007665869
2680338250
570582481
100659445
419203576
1393106238
316061053
592585245
525001658
87775153
2022617993
996551272
904698691
975460282
743116681
417656685
862808165
3155084578
2747136051
43326161
859811610
241723308
10803118
519215668
1249733061
26270749
767352474
274626051
7361981
63736627
1900455977
1739103977
1120543632
1342331552
1330069527
12349818
1332336363
957985339
2652232711
2383548660
2211011438
75996940
544847147
1501187119
182454893
896078660
7726307
549113939
993268241
1948803493
1014161515
978886578
703383834
695676768
912557842
2472269211
2051107115
3137414256
122374584
759016138
2737945658
849519375
1322277701
540021961
201476076
2622620371
66161648
2634568233
465363178
2220222166
3031118
1010637428
212590887
2326926755
623325464
803611
66366420
970952380
771800505
1518836131
382869653
1623633449
1487724518
3147555672
877800003
613361301
2512818098
2655734592
331332813
1084399785
913847033
170809160
203164509
7454665
413183803
42955318
920371227
1931050055
3245715805
328911903
2859962188
630990481
3412662511
58283557
463665244
1043004234
2323776323
309958861
784044237
1115052667
26645684
1557958344
1229837555
443243328
942826960
1619552653
24103833
995676281
2826067402
949436985
354312342
1322957587
2168848974
1239840078
364985101
17967100
32413360
549472069
417719176
1104136000
3052484780
17625713
912299472
2790470087
381443339
1126278616
321972877
185691428
122591662
97062468
1067084313
593838712
523474269
1254185356
948258233
2410118832
979609999
1119107156
2243774611
1208955472
40426447
41240135
184351061
1009567365
2360295504
944479699
1510123268
362258378
476261206
18189345
2766922025
450505555
2667781849
23327101
847779828
47952522
1245128590
3495398065
986955303
287716695
8091472
27093412
532830961
405246247
1355070694
289973617
1142832016
97141331
373806294
2470663096
909505009
996464268
908745687
3226979399
4824772
212192239
1393939669
2262989194
452233244
8824138
626722871
206698017
1323031